# unix_time, branches_total, cycles_done, cur_path, paths_total, pending_total, pending_favs, map_size, unique_crashes, unique_hangs, max_depth, execs_per_sec
1576399643, 0, 0, 0, 1, 1, 1, 0.03%, 0, 0, 1, 666.67
1576399648, 28, 0, 0, 4, 4, 1, 0.04%, 0, 0, 2, 989.64
1576399653, 28, 0, 2, 6, 4, 2, 0.05%, 0, 0, 3, 1095.12
1576399658, 30, 0, 4, 6, 2, 2, 0.05%, 0, 0, 3, 1141.36
1576399663, 30, 2, 2, 6, 0, 0, 0.05%, 0, 0, 3, 1179.48
1576399668, 30, 3, 5, 6, 0, 0, 0.05%, 0, 0, 3, 1149.32
1576399673, 30, 5, 2, 6, 0, 0, 0.05%, 0, 0, 3, 1194.15
1576399678, 30, 6, 5, 6, 0, 0, 0.05%, 0, 0, 3, 1168.23
1576399683, 30, 8, 3, 6, 0, 0, 0.05%, 0, 0, 3, 1158.25
1576399689, 30, 10, 1, 6, 0, 0, 0.05%, 0, 0, 3, 1197.57
1576399694, 30, 11, 4, 6, 0, 0, 0.05%, 0, 0, 3, 1165.31
