# unix_time, cycles_done, cur_path, paths_total, pending_total, pending_favs, map_size, unique_crashes, unique_hangs, max_depth, execs_per_sec
1576393739, 0, 0, 1, 1, 1, 0.03%, 0, 0, 1, 888.89
1576393744, 0, 0, 5, 5, 1, 0.04%, 0, 0, 2, 1535.14
1576393749, 0, 0, 6, 6, 1, 0.05%, 0, 0, 2, 1665.33
1576393759, 0, 1, 6, 5, 5, 0.05%, 0, 0, 2, 1769.40
1576393764, 1, 1, 6, 0, 0, 0.05%, 0, 0, 2, 1852.09
1576393770, 3, 5, 6, 0, 0, 0.05%, 0, 0, 2, 1827.66
1576393775, 5, 5, 6, 0, 0, 0.05%, 0, 0, 2, 1810.57
1576393780, 8, 0, 6, 0, 0, 0.05%, 0, 0, 2, 1819.28
1576393785, 10, 1, 6, 0, 0, 0.05%, 0, 0, 2, 1815.39
1576393790, 12, 1, 6, 0, 0, 0.05%, 0, 0, 2, 1750.38
1576393795, 14, 2, 6, 0, 0, 0.05%, 0, 0, 2, 1807.32
1576393800, 16, 2, 6, 0, 0, 0.05%, 0, 0, 2, 1790.49
1576393806, 18, 3, 6, 0, 0, 0.05%, 0, 0, 2, 1844.62
1576393811, 20, 4, 6, 0, 0, 0.05%, 0, 0, 2, 1826.44
1576393816, 22, 4, 6, 0, 0, 0.05%, 0, 0, 2, 1808.01
1576393821, 24, 5, 6, 0, 0, 0.05%, 0, 0, 2, 1786.95
1576393826, 26, 5, 6, 0, 0, 0.05%, 0, 0, 2, 1766.95
1576393831, 29, 0, 6, 0, 0, 0.05%, 0, 0, 2, 1774.52
1576393836, 31, 0, 6, 0, 0, 0.05%, 0, 0, 2, 1805.30
1576393842, 33, 1, 6, 0, 0, 0.05%, 0, 0, 2, 1788.39
1576393847, 35, 1, 6, 0, 0, 0.05%, 0, 0, 2, 1812.68
1576393852, 37, 2, 6, 0, 0, 0.05%, 0, 0, 2, 1792.63
1576393857, 39, 2, 6, 0, 0, 0.05%, 0, 0, 2, 1759.37
1576393862, 41, 3, 6, 0, 0, 0.05%, 0, 0, 2, 1795.87
1576393867, 43, 3, 6, 0, 0, 0.05%, 0, 0, 2, 1743.47
1576393872, 45, 3, 6, 0, 0, 0.05%, 0, 0, 2, 1734.14
1576393878, 47, 3, 6, 0, 0, 0.05%, 0, 0, 2, 1754.45
1576393883, 49, 4, 6, 0, 0, 0.05%, 0, 0, 2, 1795.74
1576393888, 51, 4, 6, 0, 0, 0.05%, 0, 0, 2, 1800.04
1576393893, 53, 5, 6, 0, 0, 0.05%, 0, 0, 2, 1822.92
1576393898, 55, 5, 6, 0, 0, 0.05%, 0, 0, 2, 1810.36
1576393903, 58, 0, 6, 0, 0, 0.05%, 0, 0, 2, 1833.32
1576393908, 60, 1, 6, 0, 0, 0.05%, 0, 0, 2, 1826.58
1576393913, 62, 1, 6, 0, 0, 0.05%, 0, 0, 2, 1788.53
1576393919, 64, 2, 6, 0, 0, 0.05%, 0, 0, 2, 1765.26
1576393924, 66, 2, 6, 0, 0, 0.05%, 0, 0, 2, 1770.92
1576393929, 68, 2, 6, 0, 0, 0.05%, 0, 0, 2, 1783.34
1576393934, 70, 2, 6, 0, 0, 0.05%, 0, 0, 2, 1753.49
1576393939, 72, 2, 6, 0, 0, 0.05%, 0, 0, 2, 1793.24
1576393944, 74, 3, 6, 0, 0, 0.05%, 0, 0, 2, 1758.91
1576393949, 76, 3, 6, 0, 0, 0.05%, 0, 0, 2, 1800.12
1576393954, 78, 4, 6, 0, 0, 0.05%, 0, 0, 2, 1798.90
1576393959, 80, 4, 6, 0, 0, 0.05%, 0, 0, 2, 1775.85
1576393965, 82, 5, 6, 0, 0, 0.05%, 0, 0, 2, 1787.73
1576393970, 84, 5, 6, 0, 0, 0.05%, 0, 0, 2, 1796.60
1576393975, 87, 0, 6, 0, 0, 0.05%, 0, 0, 2, 1810.50
1576393980, 89, 1, 6, 0, 0, 0.05%, 0, 0, 2, 1817.58
