# unix_time, branches_total, cycles_done, cur_path, paths_total, pending_total, pending_favs, map_size, unique_crashes, unique_hangs, max_depth, execs_per_sec
1576399635, 0, 0, 0, 1, 1, 1, 0.03%, 0, 0, 1, 888.89
1576399641, 28, 1, 2, 6, 4, 2, 0.05%, 0, 0, 3, 1497.21
1576399646, 30, 1, 2, 6, 4, 2, 0.05%, 0, 0, 3, 1247.37
1576399651, 30, 1, 4, 6, 2, 2, 0.05%, 0, 0, 3, 1141.42
1576399656, 30, 2, 1, 6, 0, 0, 0.05%, 0, 0, 3, 1130.41
1576399661, 30, 4, 1, 6, 0, 0, 0.05%, 0, 0, 3, 1190.53
1576399666, 30, 5, 3, 6, 0, 0, 0.05%, 0, 0, 3, 1152.11
1576399671, 30, 7, 0, 6, 0, 0, 0.05%, 0, 0, 3, 1161.61
1576399677, 30, 8, 3, 6, 0, 0, 0.05%, 0, 0, 3, 1175.90
1576399682, 30, 9, 5, 6, 0, 0, 0.05%, 0, 0, 3, 1157.98
1576399687, 30, 11, 2, 6, 0, 0, 0.05%, 0, 0, 3, 1210.29
1576399692, 30, 12, 4, 6, 0, 0, 0.05%, 0, 0, 3, 1169.17
