# unix_time, cycles_done, cur_path, paths_total, pending_total, pending_favs, map_size, unique_crashes, unique_hangs, max_depth, execs_per_sec
1576399734, 0, 0, 1, 1, 1, 0.03%, 0, 0, 1, 888.89
1576399739, 0, 1, 6, 5, 1, 0.05%, 0, 0, 3, 1054.54
1576399744, 0, 3, 6, 3, 3, 0.05%, 0, 0, 3, 1098.38
1576399749, 1, 1, 6, 0, 0, 0.05%, 0, 0, 3, 1137.81
1576399754, 3, 0, 6, 0, 0, 0.05%, 0, 0, 3, 1140.83
1576399759, 4, 4, 6, 0, 0, 0.05%, 0, 0, 3, 1178.96
1576399764, 6, 1, 6, 0, 0, 0.05%, 0, 0, 3, 1171.61
1576399770, 7, 4, 6, 0, 0, 0.05%, 0, 0, 3, 1170.19
1576399775, 9, 2, 6, 0, 0, 0.05%, 0, 0, 3, 1182.27
1576399780, 10, 5, 6, 0, 0, 0.05%, 0, 0, 3, 1213.56
1576399785, 12, 3, 6, 0, 0, 0.05%, 0, 0, 3, 1187.06
1576399790, 14, 0, 6, 0, 0, 0.05%, 0, 0, 3, 1191.34
1576399795, 15, 4, 6, 0, 0, 0.05%, 0, 0, 3, 1196.06
1576399800, 17, 1, 6, 0, 0, 0.05%, 0, 0, 3, 1189.47
1576399806, 18, 5, 6, 0, 0, 0.05%, 0, 0, 3, 1162.23
1576399811, 20, 2, 6, 0, 0, 0.05%, 0, 0, 3, 1142.81
1576399816, 21, 5, 6, 0, 0, 0.05%, 0, 0, 3, 1170.41
1576399821, 23, 2, 6, 0, 0, 0.05%, 0, 0, 3, 1135.66
1576399826, 24, 5, 6, 0, 0, 0.05%, 0, 0, 3, 1170.17
1576399831, 26, 4, 6, 0, 0, 0.05%, 0, 0, 3, 1196.73
1576399837, 28, 0, 6, 0, 0, 0.05%, 0, 0, 3, 1148.26
1576399842, 29, 4, 6, 0, 0, 0.05%, 0, 0, 3, 1156.09
1576399847, 31, 1, 6, 0, 0, 0.05%, 0, 0, 3, 1174.91
1576399852, 32, 4, 6, 0, 0, 0.05%, 0, 0, 3, 1163.18
1576399857, 34, 2, 6, 0, 0, 0.05%, 0, 0, 3, 1162.28
1576399862, 35, 5, 6, 0, 0, 0.05%, 0, 0, 3, 1157.40
1576399867, 37, 3, 6, 0, 0, 0.05%, 0, 0, 3, 1176.50
1576399872, 39, 0, 6, 0, 0, 0.05%, 0, 0, 3, 1168.11
1576399877, 40, 4, 6, 0, 0, 0.05%, 0, 0, 3, 1157.03
1576399882, 42, 0, 6, 0, 0, 0.05%, 0, 0, 3, 1176.71
1576399887, 43, 4, 6, 0, 0, 0.05%, 0, 0, 3, 1180.18
1576399892, 45, 1, 6, 0, 0, 0.05%, 0, 0, 3, 1206.35
1576399898, 46, 5, 6, 0, 0, 0.05%, 0, 0, 3, 1171.48
